22.3872113857 2.10379988257 0.0
15.8489319246 2.97543986692 0.0
11.220184543 4.17527060412 0.0
7.94328234724 5.84227416245 0.0
5.6234132519 8.14836141031 0.0
3.98107170553 11.1717489735 0.0
2.81838293126 14.9944861977 0.0
1.99526231497 19.2437264251 0.0
1.41253754462 23.103610813 0.0
1.0 25.138486253 0.0
0.794328234724 25.1857148706 0.0
0.63095734448 24.1034731298 0.0
0.501187233627 22.19702819 0.0
0.398107170553 19.8051082083 0.0
0.316227766017 17.3615567199 0.0
0.251188643151 15.0035820329 0.0
0.199526231497 12.8546781646 0.0
0.158489319246 11.017062493 0.0
0.125892541179 9.3565174227 0.0
0.1 7.93472492544 0.0
0.0749894209332 6.45205886053 0.0
0.056234132519 5.22497692405 0.0
0.0421696503429 4.24800972719 0.0
0.0316227766017 3.39052727066 0.0
0.0237137370566 2.76457121931 0.0
0.0177827941004 2.18323817495 0.0
0.0133352143216 1.73182958349 0.0
0.01 1.3399235062 0.0
